0010
0011
0019
0020
0021
0022
0023
0029
0030
0031
00320
00321
00322
00323
00324
00329
0038
0039
0040
0041
0042
0043
0048
0049
0050
0051
0052
0053
0054
00581
00589
0059
0060
0061
0062
0063
0064
0065
0066
0068
0069
0070
0071
0072
0073
0074
0075
0078
0079
00800
00801
00802
00803
00804
00809
0081
0082
0083
00841
00842
00843
00844
00845
00846
00847
00849
0085
00861
00862
00863
00864
00865
00866
00867
00869
0088
0090
0091
0092
0093
01000
01001
01002
01003
01004
01005
01006
01010
01011
01012
01013
01014
01015
01016
01080
01081
01082
01083
01084
01085
01086
01090
01091
01092
01093
01094
01095
01096
01100
01101
01102
01103
01104
01105
01106
01110
01111
01112
01113
01114
01115
01116
01120
01121
01122
01123
01124
01125
01126
01130
01131
01132
01133
01134
01135
01136
01140
01141
01142
01143
01144
01145
01146
01150
01151
01152
01153
01154
01155
01156
01160
01161
01162
01163
01164
01165
01166
01170
01171
01172
01173
01174
01175
01176
01180
01181
01182
01183
01184
01185
01186
01190
01191
01192
01193
01194
01195
01196
01200
01201
01202
01203
01204
01205
01206
01210
01211
01212
01213
01214
01215
01216
01220
01221
01222
01223
01224
01225
01226
01230
01231
01232
01233
01234
01235
01236
01280
01281
01282
01283
01284
01285
01286
01300
01301
01302
01303
01304
01305
01306
01310
01311
01312
01313
01314
01315
01316
01320
01321
01322
01323
01324
01325
01326
01330
01331
01332
01333
01334
01335
01336
01340
01341
01342
01343
01344
01345
01346
01350
01351
01352
01353
01354
01355
01356
01360
01361
01362
01363
01364
01365
01366
01380
01381
01382
01383
01384
01385
01386
01390
01391
01392
01393
01394
01395
01396
01400
01401
01402
01403
01404
01405
01406
01480
01481
01482
01483
01484
01485
01486
01500
01501
01502
01503
01504
01505
01506
01510
01511
01512
01513
01514
01515
01516
01520
01521
01522
01523
01524
01525
01526
01550
01551
01552
01553
01554
01555
01556
01560
01561
01562
01563
01564
01565
01566
01570
01571
01572
01573
01574
01575
01576
01580
01581
01582
01583
01584
01585
01586
01590
01591
01592
01593
01594
01595
01596
01600
01601
01602
01603
01604
01605
01606
01610
01611
01612
01613
01614
01615
01616
01620
01621
01622
01623
01624
01625
01626
01630
01631
01632
01633
01634
01635
01636
01640
01641
01642
01643
01644
01645
01646
01650
01651
01652
01653
01654
01655
01656
01660
01661
01662
01663
01664
01665
01666
01670
01671
01672
01673
01674
01675
01676
01690
01691
01692
01693
01694
01695
01696
01700
01701
01702
01703
01704
01705
01706
01710
01711
01712
01713
01714
01715
01716
01720
01721
01722
01723
01724
01725
01726
01730
01731
01732
01733
01734
01735
01736
01740
01741
01742
01743
01744
01745
01746
01750
01751
01752
01753
01754
01755
01756
01760
01761
01762
01763
01764
01765
01766
01770
01771
01772
01773
01774
01775
01776
01780
01781
01782
01783
01784
01785
01786
01790
01791
01792
01793
01794
01795
01796
01800
01801
01802
01803
01804
