87374
97630
87054
55045
97933
14327
42998
18511
46021
18955
20268
63108
33675
47420
71358
38217
91066
45147
54927
42391
79150
89015
88833
19268
24716
30845
27405
53829
82112
88978
97448
25866
17759
34581
97102
82487
14441
70577
74809
76203
24837
36595
86034
94376
67865
54674
21926
48438
51417
88591
41405
32229
37549
10827
46589
44034
85746
77709
68524
85967
75878
73130
23658
78055
66186
42271
90831
18527
35467
50014
45660
48087
22790
86249
82598
91109
45456
99231
93132
17881
45846
47832
37688
30602
39460
52332
80246
70927
50160
10531
76173
73243
17199
34711
16328
61818
16318
97023
19335
29513
36265
68606
20879
67125
56767
71475
28499
91200
81158
84010
78386
28075
38565
14856
21042
13333
82577
18403
45106
64224
76083
86501
68597
95712
32929
25749
44181
83177
89250
30059
19938
96199
70362
22840
77327
77079
64048
64272
35150
23427
32600
61794
60058
68827
41266
64372
37489
18748
99436
21468
91088
30245
16833
96883
78525
89355
98193
55703
99187
29679
81528
69673
44068
80311
19435
61902
18226
54157
70533
16375
94455
76617
79131
53229
44817
60349
26306
77699
98181
34549
50964
39672
97809
11923
97086
72667
18765
38145
27060
80524
41600
56827
53056
69466
87763
50962
15190
51024
31121
41388
64592
40078
97704
95807
69246
71926
98710
39715
52913
79091
22520
57490
87281
10738
66147
36457
14457
46747
11265
80986
16306
10711
90839
91471
19945
61980
81713
22027
19942
15232
70479
15879
78983
71713
75378
98291
39287
74236
86462
74507
65666
64935
63149
53523
10579
22952
50999
98381
11567
99292
44451
68632
12272
68251
67597
57356
88956
29406
37168
21169
78870
54765
59062
87902
82883
79658
86499
48100
11772
38478
23618
59916
19507
57820
98643
17340
62391
12041
31384
17870
35453
90905
52768
29746
60371
52716
51095
29331
17726
71040
15623
10425
49832
19999
29695
17109
63691
30989
58636
40567
43180
85174
40609
38795
95962
69186
31556
85222
94823
45235
33290
80786
75739
35960
60378
90234
42123
19401
46256
66315
99823
88919
14478
17810
51758
18992
38357
39545
25926
97712
99497
20382
36706
66819
58907
76282
63830
86547
52994
41915
58968
47214
99971
51982
95217
43497
67380
61346
20982
53928
57485
22679
55663
94351
61580
27893
36805
16230
47916
62263
84738
29953
10911
50916
62537
52343
34753
57532
24742
35594
29237
79463
66697
70586
18197
83235
65080
45943
98464
27278
33284
90685
32931
64533
45789
72064
56457
40785
76935
12201
26140
13264
72199
87304
81590
10571
97931
41874
69639
53732
99067
59445
85084
72315
69229
47967
96087
49191
17387
88772
23078
47908
64786
20186
82467
72852
51171
60838
12037
85415
24230
17068
81353
63349
18398
13399
43022
59300
22590
72597
55331
16206
55211
17953
32821
26816
21274
24959
80427
34171
60213
77326
78835
16315
77365
87607
91717
25983
29923
50980
57972
55744
49431
13059
10445
98491
20401
29829
79876
79662
88124
33935
21474
64828
60056
45163
76401
51411
45849
36623
54896
14630
20765
53153
19808
97520
62764
67156
27766
51644
75122
84391
69797
17069
86184
78813
10486
42785
18359
75382
89783
48984
81931
33349
91353
93697
82765
22490
26955
57600
93753
68120
35520
61556
39849
37636
92303
27894
14361
88770
92543
42079
49208
94179
58401
28204
27181
22596
75943
88967
37917
56812
50610
93575
30238
29733
79450
18418
32990
80385
30543
15282
36990
10442
78642
79729
39118
51927
18039
57404
66344
78795
63401
11496
73239
77558
41537
29060
65289
26379
62464
62599
45199
64242
68986
36038
21537
27963
77585
64874
68863
40133
90640
52635
55894
80803
29098
78259
76833
67802
47146
42019
67116
31205
80456
88071
23914
51679
98209
37301
38541
58739
17364
44002
42254
37480
25291
76005
87137
90400
55929
16975
14498
88328
96494
86723
29728
55096
35339
97008
52152
93692
11200
31299
93474
36986
13265
38883
45030
15575
56586
87751
97312
57153
42470
93259
60561
40972
17242
28450
65250
99649
25590
20384
31437
11048
81501
88406
72426
90109
45983
37333
40271
48026
51636
89714
20435
84917
25850
62659
34161
18789
59155
34407
44134
60347
55004
96846
11805
71975
77147
35160
68325
38348
92730
80609
78925
18164
77743
66807
95668
50051
12893
11931
66498
85163
73665
77863
32757
78447
85095
94995
12851
39096
97846
13967
96689
17694
42786
70046
45255
83861
20909
76406
33142
11459
81368
99125
52769
63035
42689
68620
56294
69970
90465
47980
68623
76400
87071
71505
29956
58444
78351
48230
24205
53095
70176
68774
85140
72374
55259
10969
82936
78207
21287
94931
89841
66122
91511
80836
20070
10815
27026
54527
44712
14946
66636
97965
47554
62411
24970
55008
74325
80583
12075
60568
21038
20994
85145
99825
58805
94508
45284
11898
69209
77880
72395
38356
33472
33567
20102
72441
86200
13940
81299
88752
59968
11895
36975
59365
64956
47449
82976
63936
13433
69086
72610
16138
34321
80767
60865
57061
47298
22265
96872
98441
62622
32137
26998
81356
52579
90378
57089
44400
38263
48919
97463
72748
59638
53655
80470
77384
12823
23316
46634
78309
46476
66092
32490
63649
76531
15485
80387
18999
31981
80845
85587
38993
40999
45540
58962
75170
88242
80634
72056
54066
58373
67916
70677
87989
49508
40327
39908
51966
31809
96572
53385
53851
56252
29899
75258
92199
36266
22089
50736
24683
38499
72722
74394
82704
49318
50373
12743
98323
73617
88841
23172
88519
61973
64371
74402
65234
36487
84451
18499
23868
23768
11238
52469
21160
95178
23061
97096
12362
94011
16060
79262
33121
12653
87003
78496
96374
14292
94315
27713
70427
91887
69188
50692
77119
62837
57434
44707
30343
15738
14134
14079
39194
62844
26640
28551
48813
43755
64758
58946
67152
86109
52842
36787
17814
48941
42491
88893
45744
92883
80419
35488
13412
95199
56855
72071
76661
84877
50956
14273
37979
97887
59685
86608
68870
60988
81450
19592
27650
53994
72472
49914
74732
81513
64046
49591
44193
69185
48931
35171
12383
14309
64571
79859
39513
53375
57141
63588
89167
12758
55530
20708
53011
32836
70214
86090
24775
44991
33763
85129
77922
26029
38275
77403
85182
22765
19066
33924
94031
59912
22111
77995
97098
51796
26077
21448
43100
53723
15532
95127
99213
90633
79221
32357
18730
64181
25161
94578
95028
90145
96551
57678
44550
68060
82441
76761
45707
54511
10130
36108
30836
74562
34586
14213
99021
61226
18898
89020
35606
34293
47252
60263
16009
37362
59359
91590
88283
42287
41375
94918
10835
69907
26877
34464
36141
98901
13234
96151
17236
51514
68131
91332
40694
56801
91802
26874
85868
31247
92980
57463
73623
75158
45205
30025
12739
72520
24703
66211
55576
85246
42592
92720
98804
90620
55746
33820
39916
34007
32701
92185
63884
66610
79870
57561
70807
65079
65837
14096
92650
52347
93343
53036
35919
71691
81677
83658
41942
44491
96672
50456
21513
53511
44403
12016
60735
18572
41353
51916
47235
75898
24734
74284
11927
25127
91639
87745
50203
88615
49468
17283
15589
54441
87333
26613
67620
66059
27281
29044
40669
49327
72846
75027
84308
79009
97930
35570
33538
70309
13561
78278
86020
39064
83509
34087
96469
34263
11270
75549
93706
22754
89071
97694
32895
90600
25591
68431
21704
95940
64810
60040
85034
60938
14749
58042
86651
24057
88392
36673
95160
17511
23990
37497
80067
37185
69180
26970
92477
27070
86720
89655
50460
32859
34111
70108
93199
66188
19558
95647
14764
14873
73519
61534
55780
57368
99247
79374
82276
45073
66023
70934
75642
96018
78567
96910
21018
64796
38231
91755
48743
58487
37648
26943
53415
18369
77292
25321
19828
44463
52317
71101
74938
86574
49964
27198
74397
23562
67372
66254
38080
47764
84867
37632
15871
61487
61540
13258
86214
20283
93068
25573
97665
56748
87048
37945
78892
25042
48295
22714
24792
24207
67634
18385
39616
48905
29738
50394
99158
63170
82203
16061
15512
60718
87728
18916
16447
53288
89632
84726
19196
92083
51473
49611
71056
51911
80059
25975
35097
31957
91659
69951
33556
79896
49905
51961
28105
46478
28451
75141
20294
96573
60641
96669
82757
79897
32940
61195
31896
28904
85064
35459
94573
15383
55087
40829
61886
75632
41902
89575
38215
45003
39157
59125
14132
88745
63683
57952
53610
64602
57476
16549
94310
41551
66986
70502
47074
37219
64569
35949
29510
96077
23058
90173
94929
32596
99707
80764
52003
75252
81184
26723
30648
28851
34877
19668
18739
80444
29466
69904
44152
53334
92160
49314
21050
80173
99048
42630
49023
84960
10435
48613
92620
26031
44432
97316
60887
50505
60899
19698
64199
16666
64534
50903
31839
68692
68188
94472
39899
96423
99703
74367
14687
71155
19729
56454
76721
40908
75911
43123
55949
18325
27182
93881
72382
67166
63016
64399
19379
37523
21976
92282
89595
69578
62649
99766
99282
63447
74743
15450
47398
32045
39782
39228
57841
51686
94222
60437
90279
60270
80073
18678
56035
94891
50325
35022
51604
84336
20127
99422
18052
92634
13233
58281
73997
28884
78713
17268
67376
51181
13827
17228
40859
87692
67335
64774
94628
95141
26520
15125
39612
57741
42968
59236
26789
63252
69448
89313
80610
85155
63062
67490
76939
51810
41265
87099
22634
62635
84445
28379
57839
29046
26282
64227
21742
97077
33737
64871
17156
82479
18927
80077
94161
40197
25808
58387
65051
55467
17799
32028
60232
68742
50830
12552
78516
49708
17411
45109
19385
44603
69491
89302
26062
12014
25707
45264
27859
10271
79029
14378
34481
32868
61161
11249
54523
81899
77978
48620
79910
45611
21989
90343
46082
14083
35031
10772
70714
15288
21092
49006
77819
14472
80240
96706
61758
97382
11456
75094
23948
30377
83735
92287
94317
63531
21359
58755
22517
72175
71621
43820
64514
88693
23583
28260
95243
16804
49594
63432
49099
48416
23142
75434
35845
74753
25096
11716
69336
52754
60961
23924
74905
66596
65772
51111
57197
75007
97488
17510
96839
24719
70360
70030
28574
74687
12651
30983
67770
80471
88821
71336
17563
70864
91579
96442
28272
68869
81639
24155
13060
80264
89435
22077
73475
53585
80327
22428
48618
92084
11141
65834
49177
89564
24565
32679
62621
64150
13688
96296
14173
86370
57921
94936
25677
41852
41584
47797
77972
47012
92329
60733
76204
45793
27485
41373
34897
12397
59972
14350
39199
33146
80282
37456
37907
49123
46776
48818
77706
78491
81774
11192
10410
30670
79889
30969
82819
93929
35875
98152
89221
17332
46831
15118
99165
43279
35842
63265
12725
49253
99897
83272
25936
95039
90307
24310
58018
76227
14814
74879
89403
61682
31445
20768
39719
81015
97327
83012
75584
96837
78283
18021
45872
59074
53992
71796
53434
56059
84900
81006
67671
58028
19887
45420
71490
30051
46480
72225
58089
68342
99605
82058
21277
57723
31112
51813
37927
18462
49689
37633
92532
86363
89378
93202
88905
28066
74913
26651
98303
41459
73518
37797
29999
64614
62847
51470
22109
48504
21783
50140
72485
42991
62119
89473
38272
46894
29203
23826
24502
71476
21959
49949
25040
63136
69961
74842
50115
47581
13456
45879
67898
96833
38052
60734
33691
78996
75826
69663
19322
83413
49076
83661
50431
10286
53252
30844
35470
12558
99942
73965
60821
16195
22706
80466
65944
17182
56679
22665
51687
80338
11606
91031
69642
82581
90822
13599
18865
34734
66573
66537
20059
76148
17418
82004
57786
19644
26745
80145
60065
33287
12844
50818
81272
69399
22350
54418
56061
23880
22503
25710
60395
92267
39267
75452
20493
88171
48958
71000
98268
62846
14432
32623
24112
25423
90091
19153
27970
80127
37132
50739
58975
51197
92284
67567
50281
77192
23580
51420
34993
88160
62442
59733
43311
31429
71046
49481
32809
17885
31644
82165
82235
48800
55082
71619
73515
64502
58691
40444
42651
90304
18484
20077
60601
30673
23702
18888
40340
61412
95537
69131
57325
72193
95477
13245
27689
51915
85273
24472
98973
15991
14870
39578
32870
94142
55900
61492
59045
97583
95446
97365
51980
54153
56077
44664
67315
56198
49452
49407
45732
12773
73688
41993
25134
14851
97912
67647
55141
56783
26113
87646
14018
81347
47410
61632
40616
34919
73188
94570
73724
42329
49506
76787
28427
52841
27811
61076
45450
72503
89553
34968
12122
39816
44128
77457
65478
39388
42886
94945
25783
82730
11057
77811
83317
96126
60272
99424
37199
90931
43019
65588
62817
38984
89587
64417
86597
97724
57248
69136
82832
55061
28639
99452
51900
23964
43199
22948
43192
37374
34283
34469
88839
85343
67935
64882
45319
94804
36672
55602
57779
86124
35013
28766
71689
68163
94967
61959
34410
35452
88299
86136
72647
43071
86950
55548
91838
35393
51568
70969
45485
42956
66440
23645
74965
79373
87379
93767
58286
12569
80257
33203
37224
88707
17324
41839
20868
92376
86083
87954
85029
81238
74762
16443
72459
64427
56693
76734
45500
83615
49287
30520
98066
41259
94652
24862
34997
74465
29664
76493
61575
38078
82702
37774
81025
85093
46729
66709
38931
53141
75070
40139
45522
21210
56951
34691
98631
34114
23742
79947
26657
93889
40993
10854
11701
41252
40761
45956
54829
33916
27819
23648
60586
44267
64051
19727
29347
28580
18812
72356
98699
62404
79425
75728
89931
73899
28286
37863
19179
68934
38193
37940
26919
32047
71956
52958
73470
39201
66842
48445
29743
54287
21762
63259
50123
61438
44677
66139
96342
90151
31751
91575
77683
27132
46144
33076
42874
84134
12472
58446
94183
98712
12767
90060
34349
48175
47679
93765
80403
17004
42225
34640
61395
68601
34357
95237
39597
24632
40923
88733
64506
20495
27421
41370
92765
24357
39762
88663
63416
24193
86589
69521
83834
27925
67656
36274
64411
64364
91601
79907
49676
92554
79377
40724
95515
63403
58503
70130
17653
15262
51240
49175
90855
66065
76159
82630
35039
48251
56835
70690
42614
81261
57582
32393
17815
59551
12181
50471
81620
63312
92534
97516
44520
65466
33060
15629
73872
68227
33201
66419
45822
54772
96806
86663
96403
90143
82982
34724
47733
70821
91980
19673
50880
96667
20284
75556
22071
52589
12925
28676
42024
81091
86358
18315
89680
82412
21823
24545
98736
72310
88690
91096
50098
95297
19837
85774
89923
96603
29431
19703
76923
75060
40064
91752
59988
45330
26399
31100
66142
47209
73219
34252
29441
90144
42930
84793
42616
10392
75458
23641
75663
51300
79848
23081
29498
25637
82312
47800
50581
60872
86011
30403
78440
98395
56258
84869
40097
59514
65283
22055
14852
50603
62142
97051
25030
90902
28346
26731
15689
41111
59771
62737
64189
26239
49424
49726
63599
19987
22233
94350
65852
31971
13165
72090
31167
69573
14427
23376
36405
43583
47735
48850
13075
18186
86461
21916
70345
68148
62017
72109
93845
73035
50478
94700
99380
59218
19841
66859
75636
83754
86476
94335
29371
40848
46781
77623
61850
89453
46622
46672
61498
50497
56907
12367
31227
93527
52642
42996
97067
25372
62579
36400
71866
17161
50943
28352
72248
79496
39150
73668
79157
31018
43965
14123
35428
85598
91807
72894
16305
30967
44823
91177
43441
73327
73172
77008
72720
17547
42631
88600
83397
33021
80985
37677
80291
32697
63237
65158
59778
73528
92074
33784
33050
81402
73032
96028
30704
54748
84046
14639
71637
16673
85272
90886
12361
54942
84526
16986
30329
52471
24164
79193
53690
22803
67267
26452
49743
35124
85895
27852
94712
77243
82134
25920
91557
35497
31387
92248
50862
44398
91298
37477
97916
54994
62248
90916
31329
78469
97983
28521
39851
26739
71898
27508
39610
55739
72814
24023
69174
93518
37667
80637
81226
20996
19235
98881
23700
50496
47474
29562
20800
97164
52304
19564
65948
61878
26236
98315
13532
66322
66626
84699
99734
67134
14331
51039
70074
16578
39644
66445
65223
49398
19607
74658
36868
29198
25652
83879
39319
78674
48754
79348
30222
70787
88156
52468
93174
25274
54597
77449
98690
99007
32012
48936
22739
42553
56044
49145
63819
23888
95341
25451
60815
92865
57481
53539
80671
38980
95302
95086
17192
50084
94120
45099
38010
14905
30640
98406
27841
56544
21958
85638
71993
46163
10638
87994
47403
81345
41531
22193
48733
68359
54108
21301
93386
73573
26228
76068
54565
57159
14574
32558
34033
91391
80681
59319
37127
96232
71608
70867
22929
91760
31937
65621
39744
26628
35002
69757
36980
52010
86143
32453
43495
86646
45892
18393
95939
52699
66939
73979
11164
22793
21613
78570
49528
39099
70739
35605
26614
25298
82861
24600
41727
73790
47225
41750
55569
18902
76640
24529
21743
15776
38853
34412
22158
96835
67012
15034
93016
60203
45810
85902
10157
95896
60044
62756
47620
31233
19528
40758
64010
88623
80542
99285
90936
51677
81502
72284
60521
18537
54023
93032
55915
50385
90584
32469
88773
47638
55872
39449
57328
14735
19713
72120
89693
89230
46117
14307
46301
55883
71813
31522
34571
59174
50017
28581
30996
31078
68137
64923
43783
74185
30651
37388
43844
40438
18019
93773
17158
48443
25422
22769
76283
61122
59201
62840
29786
42275
36745
64747
68877
27680
16244
14372
35639
40725
92837
56425
68184
35998
91488
60424
75224
58618
47946
65931
42132
76624
79650
22941
78635
11602
75702
25365
88785
70466
30483
64121
33159
60546
89525
82916
74159
79692
86820
16950
85551
97150
68322
45676
10782
53942
92486
35089
73691
24800
72366
30142
80997
63435
77839
53209
78782
94008
17275
39316
89059
82825
61992
51253
73495
98198
22649
13961
80156
24324
38135
48960
51144
79259
21464
93713
44453
48061
40294
47024
26050
13146
28164
43959
85366
43455
82917
34265
94454
65489
22580
59964
21388
48507
80224
21398
15196
25170
11029
36687
70047
57570
83755
83637
47582
29718
22202
47840
15498
97623
83786
28412
81477
22196
39088
85088
53804
56797
21940
83199
49371
64355
66862
37411
60045
96980
77055
71043
29277
64288
22557
33635
22123
89695
39934
74075
23584
38048
29190
72105
83116
52242
18001
31199
12013
47329
53204
33043
61406
80936
90680
28080
73338
34157
18287
60575
70833
85546
87955
24675
72543
19490
57987
65002
93742
44488
48501
14751
21273
77154
82325
31531
25307
66507
44857
10994
73552
85054
50635
34270
91052
15442
36184
37821
65321
50706
71054
79787
39367
55697
59451
57417
88648
70737
25544
77562
88455
28484
85293
36847
61478
88097
53228
89484
26748
14739
92501
14439
63905
37810
27637
83573
24066
90160
22677
18644
28919
27610
36796
88557
55401
43949
18658
14674
79792
90960
62952
34090
77748
86360
51722
88636
23557
56088
60416
41748
42525
58000
49251
26744
33656
77170
12416
27772
37874
85416
56523
87055
13661
71204
71125
59025
17545
48424
59742
76354
41001
39066
30163
42711
61966
34725
39567
40792
32255
29310
40713
78887
91147
71806
40357
14953
45784
48644
84140
33864
21367
97508
15882
40341
24536
44615
27457
22919
89372
81559
24487
57842
10630
64521
31262
30263
50699
84794
44153
20304
31483
37561
32519
99112
22585
68167
33513
57349
20193
15072
55332
39368
48301
21062
93526
90739
63871
75694
81155
31643
87364
96180
47524
32991
22408
68011
74688
56164
83226
11863
56439
32145
33227
95377
47037
23177
93618
88244
98542
59864
39791
74619
78906
27359
13834
52008
47590
21657
31662
23909
39375
62114
32907
87271
28246
16641
94915
27709
26018
68008
42484
23409
92752
48057
48272
48309
99567
45933
57687
41822
76394
43234
82682
55586
28424
71882
40845
35200
77698
26131
26290
22967
80442
23794
46413
88083
85369
53730
12897
25473
16825
42051
57433
86238
53958
43288
46919
89328
32777
62700
23976
86167
64553
74698
17927
84371
25273
54914
88388
78701
54545
36255
91547
73040
80869
68815
10692
81349
61800
76286
67183
87773
30913
66273
72574
47639
58034
58709
68883
81322
34987
16425
91077
70489
68054
56383
84600
16859
20332
41897
77291
58384
20146
31861
21266
89468
33917
77275
39393
42766
77111
45614
96167
31581
56197
24463
39958
59614
10626
74700
24790
32505
26880
68388
49214
78366
26539
73056
12133
72482
31718
57329
73641
10225
90865
25914
36399
73015
15815
30585
49384
29916
92100
83776
91057
99168
77787
54039
96614
60388
82918
67717
32274
79296
60958
63919
85331
53708
38846
46060
63208
60447
58465
89368
25126
51333
60172
47589
71292
91957
42459
83541
34117
69288
57823
20328
28019
60298
40687
50229
54047
69892
55676
78966
65263
32263
91393
22384
15858
31930
61615
86140
24449
34367
20195
47539
96640
95441
78824
99970
40551
87331
11172
94601
85697
56335
16203
72377
14984
90903
85630
92590
17944
15115
96726
99128
31219
38062
58334
79180
39584
70646
64003
34674
49295
12874
66310
50557
11621
27909
43887
43523
36746
51624
32781
88473
61066
45448
77188
92035
91593
74289
96402
89618
95848
57530
53688
58878
20613
99733
63419
25538
98042
71709
58100
13689
42120
60081
27751
22727
31096
27788
35009
76644
11690
27471
53003
28642
29740
46435
51725
76257
92321
91753
20873
54430
80066
72684
92061
58793
16392
41763
88194
76302
77981
16922
49151
58002
58348
57850
69113
69147
98028
28577
34103
67856
40998
31528
89940
82268
61125
68795
18528
46384
61087
35389
59088
39547
79006
81197
92279
75369
65385
25634
93996
79728
87060
69697
97248
15620
43137
47393
94021
34878
37496
36446
40034
57019
34702
86117
96090
98142
90608
91506
38035
73123
75330
47257
53779
36098
36066
72896
77734
58451
59641
25893
27493
13586
70679
43740
15050
36052
34135
42634
77519
24416
58726
94547
96693
40013
79407
52936
63335
30031
81956
44345
80819
47624
86145
37539
14025
23953
88074
44340
41192
33485
96739
30451
88996
78185
32024
82660
17688
37247
63772
35233
26415
65406
84452
69273
37998
41286
22270
92625
78056
61500
50031
21130
97219
42093
40817
57631
67004
83775
87980
91194
35767
39364
59579
40538
23277
65712
48836
28171
95027
21686
46185
76170
62790
59880
62434
32079
36938
74311
98658
81990
78636
22060
19359
41773
83432
37116
76912
94694
65167
24968
93268
83720
27209
10234
69747
72850
65551
33993
79523
61375
15544
22697
68287
64753
62357
84073
43399
91207
33734
94424
97210
99474
71176
67496
34160
37642
25472
13042
14536
69977
83000
44904
85935
50966
65184
22689
64587
38458
72984
55093
97161
48510
59590
24297
57524
36718
63743
17154
79456
73449
66619
79845
93869
85486
83023
34225
25584
22209
87053
20288
76544
34044
78486
15812
57016
16559
55914
39069
70152
50347
36187
35337
12154
75159
57183
66086
12220
15057
91936
98374
34503
83803
39894
70178
24058
24470
42872
67652
12219
47668
52583
66912
11306
93098
99637
71235
58152
46153
69772
30991
40326
85663
58297
58644
36657
77000
38192
64579
35231
78081
72368
78323
78079
66673
41127
73052
75190
88934
44133
97410
45936
90891
80429
96033
48724
19077
23462
84915
51509
11733
85109
35081
90491
18581
75589
22668
72185
73640
54684
14075
40754
22135
57462
81213
87839
59793
61474
86919
40244
71063
76082
40786
38802
35833
78760
46576
51137
67903
20388
30502
52863
16724
66913
22605
67482
31617
73018
16597
50994
29668
55430
88478
85865
52043
93698
15940
32534
38103
93604
58864
33000
29311
42466
43112
80625
48731
37655
46684
74528
10161
69058
61120
58605
87943
29723
19232
97220
35846
65376
53356
15256
80346
42938
50167
60115
53232
33108
27439
93570
27645
76858
22745
75223
49608
88726
23834
81969
31260
37327
52558
34670
80317
47965
41399
10261
97919
13460
64350
95757
59960
11795
28644
10211
82097
22558
38533
39469
63039
14707
96565
71339
38856
94221
72631
22001
13833
49545
32522
77689
69638
41133
35163
70447
22525
75988
22766
50285
66438
86197
16165
20950
89452
11704
82178
34990
72612
16456
52703
17330
88410
42220
14902
54959
87460
63172
20061
54219
70582
45762
15862
59893
42897
78208
37181
26729
31551
18392
83295
29364
87129
86504
68726
63047
19724
17846
10619
62127
94586
89779
37746
93406
16187
83311
64480
59708
28870
72956
57748
77333
46314
94445
87727
70412
83722
33841
36134
25329
98154
95014
24118
46403
68970
22949
30260
61457
83957
26378
51430
83213
80048
87257
34951
97784
68332
22011
42414
91863
93274
64938
11096
74868
38039
75995
28824
40516
77045
71199
40496
65294
13326
95823
26220
30528
31108
32954
87234
77462
33953
13021
70835
65680
63462
97962
31157
55618
97242
98309
62889
91884
63849
81162
12021
85882
53323
57228
69444
35496
89145
82105
89365
48630
53319
50209
79620
65010
21594
67794
98524
43002
11913
16513
32152
85690
83676
72656
22119
13823
39731
42887
57014
85026
40273
37278
85857
99354
65325
28465
73197
53427
32674
90140
38043
17060
49090
17070
69207
32650
83556
81178
75843
21951
61604
67855
70154
96969
83083
31127
67960
30129
12175
53682
74908
99264
53465
90333
18317
87868
44313
50879
67127
14374
91135
91260
23534
38504
58302
70032
46335
68328
47500
16371
40909
41117
42026
32170
57468
23412
71823
81925
33104
25220
17089
71745
25692
26681
95037
23823
91963
92822
68670
49613
39381
34940
16409
59576
57977
52105
13028
88901
79128
40677
26703
52102
38561
52550
62557
91850
67632
92232
77397
82049
14301
18452
80378
86860
67701
31868
47685
22253
35711
22860
19694
61530
25057
77763
31543
78639
96331
39440
32935
64305
47388
63234
31106
42451
64537
65859
85283
67718
23341
23113
73400
36979
12065
16845
39369
75222
12587
82366
95549
33194
97770
43884
30678
17617
32536
80228
95967
18985
27458
63668
72623
63476
96057
24781
72407
73395
17522
29966
77987
69001
26947
90003
49984
89565
18641
20043
62398
74636
20248
82840
96328
74765
88423
15901
31212
43448
68012
96188
88179
50887
63489
68062
98444
98211
50737
69711
30387
90509
15407
40417
53613
68898
87085
84067
84811
60230
36835
34513
60337
28398
73314
13603
55465
12107
18600
57156
59302
53841
89741
36500
49849
58047
77782
88940
75102
38700
43635
60967
63648
63229
61339
34853
38836
59615
27090
31254
55954
54116
33247
66129
99699
68275
73779
63192
43548
67201
81573
94549
36466
43888
59847
89493
72952
26548
70786
50182
72328
67863
73212
12736
62244
93840
98380
85657
57755
89104
49093
99756
91724
50634
53360
95220
76535
41925
41170
78520
79799
22743
97814
17567
84405
87842
53457
47602
75634
50241
36806
38881
88260
55407
32553
29472
56157
78246
74806
52794
41058
46440
10844
25102
98944
83988
51824
15610
48479
59399
13969
11100
80705
51196
27936
34413
86380
95008
50894
75667
48080
25763
56141
98158
30049
95750
97641
49943
55958
68482
66247
21714
26038
36170
51647
30466
63346
66225
10369
98552
59392
86354
61513
66849
43030
51000
20308
87127
15470
24040
33579
55161
59642
53870
23473
17565
50919
34368
40106
33828
16696
69520
53333
37276
38794
93101
36683
92673
63789
66853
14717
55271
48077
39989
24252
83377
10436
95770
64929
56565
48150
26181
39053
37978
24764
10408
30592
59917
28565
47770
61175
62677
76859
60197
68428
86814
40261
92307
17551
18879
31012
41861
99127
79470
49294
55873
52924
29651
34152
28759
27533
38762
31933
13890
70760
28090
30209
84013
73929
13786
72955
31968
91571
33697
64178
10962
76568
12557
56611
18626
83459
52395
33334
58525
99252
16876
31471
31602
64291
29329
10068
96103
56215
31713
43558
69024
20859
11081
26756
89658
73892
46558
64279
13960
50195
97971
13446
13437
35251
83599
65107
35101
41193
39172
80084
17921
74559
15006
86106
38158
46220
17035
64906
71815
92271
51154
71127
78745
19852
10540
72149
89776
43633
66261
92793
74191
17288
29567
33625
86959
15755
46437
70783
48559
81077
25375
16585
76452
91681
96146
63950
30796
36503
30289
89346
91885
50244
57100
38163
66299
97034
90692
93508
36753
73233
26137
55804
50684
97589
17558
41985
12946
45143
28092
27884
16311
36547
52567
27486
77731
84441
96210
69115
20778
18408
34426
38595
14249
92394
87682
91133
98389
97131
18497
22700
49694
11994
65645
35112
10543
97190
53786
21760
37902
67968
59734
27903
86550
43921
46498
75249
82869
57700
75951
17426
20980
28869
79403
91526
99325
63592
35241
67561
34956
52076
41664
46773
19447
19370
46072
86951
67754
26645
72502
85526
62131
17686
20516
18040
71612
90170
39151
97898
27102
98074
52137
67048
23470
36496
64532
29505
75218
89451
93934
64363
22737
18559
70590
86599
19399
82902
40423
15484
74561
74157
72442
95889
25176
87653
84397
23264
95357
44795
26212
45552
78442
74681
81642
74307
67229
63672
13604
62836
20650
14891
58989
12565
18950
17973
17734
30438
33549
29479
42352
96771
62950
43328
27361
48700
95076
20343
14103
83460
86561
15146
91973
43569
44390
98553
30662
59592
56393
86126
29182
95462
40132
98324
49553
61235
87863
45647
57589
43943
11430
45098
91314
80758
51466
30319
34955
70315
57511
69729
53451
11833
18416
14826
61929
44818
75498
47522
54407
31840
82640
41627
20471
16682
88207
34867
84624
76002
33972
23513
65515
55917
14590
34504
91505
13946
62095
15286
45486
10861
25492
32705
99122
46751
64861
73381
34608
15398
89082
10144
48363
19556
52752
78390
17812
79949
48332
63829
76053
40179
95720
86901
96741
12618
77103
98408
60752
31424
19608
21525
82586
44173
32225
55991
55291
56292
71891
38615
40077
50657
58891
66473
85139
35136
77155
66929
13097
53080
41391
35426
40028
82599
81071
84070
30157
73111
48956
63643
76259
23832
46229
10326
88696
19330
45313
24916
17697
42416
45183
24338
25537
50103
91551
76014
37428
51142
54414
76960
26410
45123
90247
30179
20189
76601
97880
86802
40715
81703
41228
70277
30514
34860
44000
79222
41641
68757
96075
17503
50085
51464
19691
99036
97066
45807
51802
49174
38756
78074
33701
46641
51603
80309
71888
83747
65075
53812
93162
53102
57465
31949
79921
24824
51656
79986
28569
30484
95211
83798
27169
44923
39286
88329
19156
10037
47301
93027
71954
69778
66443
34959
52259
18913
95384
80631
50114
88318
69856
48266
71417
83284
90675
85359
46017
47897
22228
55150
26188
18673
33624
97959
36204
85715
57080
72599
91757
15052
78751
98993
39866
33193
23974
46597
27554
96853
62294
18017
40619
90139
47963
16792
19599
37051
89237
81099
12830
90846
27330
39314
23359
96125
40251
15746
63841
86049
11317
10883
32537
13911
41329
87165
51304
62394
53203
78133
95613
77785
73353
37263
71746
35475
42458
10997
49946
60106
85955
40806
50331
79762
83466
97905
17425
29872
49911
68558
58195
16675
72015
87484
31044
99130
12555
80658
37754
46573
29418
76398
83327
65716
87221
59846
34182
81252
10797
76071
51483
89925
74859
98256
34770
94853
44474
75570
32913
38712
26141
16398
34835
31603
90393
65228
28783
12517
24044
84590
15864
47009
12833
67350
23781
61425
25505
61657
34099
70615
60706
46969
28454
84475
84169
54990
36570
68914
70574
30627
97469
74281
28446
86269
55924
86494
53487
24669
19334
50566
15978
23982
59329
23766
45813
88539
69093
45806
13486
52853
85042
24624
54159
92365
37108
61037
20730
93879
95878
57092
74369
93904
45492
71640
59086
85591
35316
91677
49659
93431
98590
85123
72676
22773
21584
90264
20802
90799
32456
90376
12723
89921
27072
82952
39696
12541
14882
54438
76337
34188
28422
76415
52106
56566
25821
64996
57664
62446
75999
41229
50915
28293
10101
66109
26896
18501
51088
46770
23305
19783
53540
53005
22441
39112
34639
63342
59029
54167
26872
17353
59137
64703
50950
22443
99305
88736
95496
54725
23338
72916
26581
92218
67193
50330
54087
21858
95290
83039
28437
38170
52155
92916
13611
56246
12105
52066
29959
10937
82823
49463
14591
16294
31591
87300
40638
48627
87433
76566
51374
69683
60569
15071
69294
79357
70997
23659
23163
91370
97073
99492
44252
52276
54083
28406
22298
47124
19895
93528
42697
63090
21860
72904
65511
63509
51543
61927
27273
36639
15070
47347
84253
69324
38439
94546
58049
68568
44326
80144
93345
12170
19135
50377
75715
51133
12232
56707
77847
20295
30815
61755
65380
13989
48142
21961
63478
96006
83455
53039
37763
39423
16472
25771
13418
18714
74958
61581
76249
23984
90629
93355
47741
37954
53247
66012
31116
24691
95445
94149
40456
29731
57155
73933
71216
96081
89178
14170
28750
83480
96788
84024
80632
94703
55158
84280
20166
44055
49517
94361
25992
31824
93398
47757
33213
83548
15800
55948
64193
73566
65788
74195
46488
85195
24779
71184
67334
74893
95108
71863
59346
53693
36977
81114
64692
61160
59525
33574
64879
88808
88298
33896
60933
10906
41280
12320
17165
48668
22371
25097
45455
16892
26773
98140
92619
27620
29251
33925
85777
31139
53367
32796
36972
35161
98251
97368
23629
56108
42716
20682
34899
72905
61021
70752
67638
20371
82802
86188
61949
73735
69260
20498
29153
20415
94091
82264
60636
63771
30741
92144
38508
79137
21676
94012
16808
61767
14312
48554
40434
81010
60466
25500
62011
44335
94060
63123
34827
78653
82799
61681
52096
22813
19342
37852
86475
76194
13785
48652
77318
35305
79167
65977
48261
17867
55964
28701
18366
53453
96618
46448
70738
65705
72716
40710
96388
31521
60722
39353
79351
85532
34402
18732
42729
14532
99737
71246
90320
60364
23972
91875
95803
35225
16554
42273
24746
27855
36995
59077
35622
95466
43247
15299
73205
17847
75114
53925
30325
81026
55337
18702
64530
76902
20176
52061
11219
52680
89972
45181
86046
86236
12438
24761
87487
42318
92660
50931
42957
75830
46141
98080
67667
99629
49899
30417
91781
72440
36381
32100
87001
27301
31745
10180
88977
50583
17782
25337
83948
86628
82811
61741
39748
13492
50911
51517
85696
97779
89975
21365
76402
58304
24445
69270
99273
30709
48562
89635
94135
74059
47544
80633
49132
15768
31574
88136
74365
47851
51522
46112
93357
23116
10031
25081
99841
43212
24337
38093
98595
44807
89270
12707
60441
27107
47290
98867
34323
99775
46546
31466
94666
23949
19319
60640
84964
14508
31538
90113
97255
53577
42261
52903
18258
21260
65336
16988
58764
86486
10753
57052
36138
47032
18429
93962
83131
48264
95134
50003
35611
84753
45263
11326
30707
70184
27799
28059
20428
64600
25000
95915
31527
46140
83982
53766
57595
10219
61789
42670
51007
95500
82522
99723
41876
74601
34522
41456
39496
76219
89839
83217
51822
61401
53092
96303
89194
73888
97003
96001
98523
86376
51256
31280
48076
76594
87295
31014
74730
20447
67233
63439
14854
34715
89800
96200
75684
76767
55384
41624
99001
87310
91094
54936
86410
54432
66027
63417
94038
51252
37336
40113
97911
47062
67635
32296
41738
11536
84969
81791
51712
48929
21727
33340
47505
41251
95100
12158
55213
28597
50695
42871
16136
42605
37080
77369
62487
63614
88249
81942
24258
47310
11630
43248
42558
28722
27436
30938
24206
76446
34454
37302
67368
67629
51749
96351
77791
30080
80597
99587
43236
58246
78337
51232
26163
42434
40768
50814
26984
53963
22581
78306
27639
41278
44633
96391
90430
51660
33389
23672
63848
95938
57667
94842
30975
29849
61224
12302
55152
86506
13358
80724
47759
37941
68101
21494
13010
80124
21265
30760
18549
85826
30804
12486
58694
94814
71457
65486
16787
32746
43067
35460
52949
58119
32832
37512
64292
79648
21586
23326
38889
44828
86859
31125
29781
11617
58276
59921
65552
31785
39499
45529
31288
58833
76478
72824
58940
32721
25088
65642
90245
70094
12512
57192
30324
69502
71028
79062
74287
98488
52154
79680
74401
60265
49165
54119
43880
56297
28670
53629
56334
48330
99983
44654
57382
69220
95355
24937
12599
95169
11061
93497
98098
37001
66989
61874
69157
46799
29717
88538
15340
60145
33766
90189
62830
75899
92095
90880
46228
41369
50990
71461
33091
47295
11985
43588
11534
29856
12805
47546
81838
46340
14982
99821
46995
54634
11438
73365
13260
72948
80140
85522
72001
63907
49784
56934
71801
29211
39824
63018
85480
49135
20826
76165
89351
90778
20192
66100
76809
16655
54022
48881
49203
72140
26342
28459
52972
56819
82095
43695
82983
21883
36681
34949
80449
43575
34303
19888
99255
50654
83477
65684
75507
30562
16202
89370
14311
24535
80810
81531
27137
88903
56600
31129
75762
56787
55825
25474
63547
83765
59400
79789
34839
90270
58818
14196
84800
54664
48691
17633
88622
42336
38331
52011
97747
24070
90699
89812
32524
23497
47341
74642
20550
22048
87733
92170
39671
24604
88644
20311
12801
62405
35524
46450
47090
46710
37011
36587
11784
61516
96927
36509
99170
12334
52629
77382
14058
98720
46496
33674
88495
16120
74990
43149
83681
23334
14089
37757
89840
82135
13845
71316
79578
72241
31469
77317
56295
13448
25665
21692
40000
72113
86791
93419
42359
27230
53901
95696
30374
20929
15617
47470
51791
80923
70684
86115
38992
33483
28522
40415
66061
83423
53500
41795
10520
12732
32648
15387
38329
95952
85442
22080
99136
96598
15997
37629
73941
85535
91080
44371
32069
55708
49213
69419
11684
22426
64400
75916
82357
58794
52698
62494
34011
87467
84243
47111
80896
65531
65992
94178
65132
12034
13240
49466
20986
38939
48485
42673
87720
66172
57483
53432
27952
80513
14007
99456
62225
86545
97670
63800
86350
32651
62704
30047
13212
11392
30171
92974
60352
29275
62910
33849
39146
73407
57644
47244
85597
95263
29941
86931
32309
42603
49941
55579
20122
26284
40182
30875
49290
30645
31884
47303
42737
60129
14379
76749
90972
61343
20003
57418
50536
99397
81029
94753
92701
60326
62266
32132
15860
81145
44411
49940
94459
61137
84509
55277
24845
54771
11315
96635
67453
16001
80617
51746
92374
72379
90758
33207
43081
22122
42895
60176
73972
60144
19224
68202
81681
67370
79600
88710
21518
78857
28589
79598
66833
90840
51280
40311
23535
61636
54884
31955
96517
53179
37054
85939
68321
36694
64575
31076
23414
68455
27226
63310
91171
97079
70511
58988
62027
80457
99432
13879
96920
72403
99511
14874
35069
82071
78838
87548
43214
48669
15423
16602
29989
87175
28319
38269
66740
17991
95719
22306
69143
14289
12064
27410
86770
60383
94941
74553
70958
69319
57285
62987
66178
25798
32305
80580
79500
22481
95315
55129
84911
86093
53561
95667
20963
26541
44015
40436
34847
33682
41468
43568
21831
90863
53447
37559
96720
80146
53614
60556
56219
62520
67142
90904
62523
87263
95458
87197
63673
60685
24293
14030
90604
91900
46904
42922
31473
99211
98335
65592
55002
60651
50569
66420
63169
71272
89999
84490
22836
95801
92741
13608
25915
52968
95964
62578
14565
18260
96989
31560
17006
96449
58393
39635
79481
27732
33657
84674
31192
33672
92713
62717
48798
86384
31132
84447
81950
91651
23389
68291
52027
48705
11484
56004
86844
56892
45000
57151
18168
60950
80629
62743
54964
59291
96926
97270
29944
88010
60059
45117
65245
76776
59747
52604
29050
95371
55316
73793
22313
92310
79551
73020
61069
72663
49756
63364
92187
47956
63375
33878
58390
28610
53483
97366
69666
77771
81580
82764
95214
26521
30971
42472
14529
77337
18798
53212
63173
56898
11419
91909
76675
48410
46713
49623
76307
64116
63740
57099
82632
55646
23824
34142
68655
53699
52849
73334
60123
39306
46361
52548
84032
52239
99340
28279
18240
90067
48468
67457
93487
82933
61979
55629
64169
35730
17904
89572
91454
67598
62784
30702
93014
60410
54295
66298
19325
37638
83579
61212
38283
22987
32669
44414
43056
48640
58449
30283
40335
83745
96836
46148
75982
23500
59066
68641
71699
69874
50821
21196
79321
60485
15514
71943
97701
14602
80853
90211
31476
18693
17970
50938
12106
36318
96034
74828
49489
61172
74589
12297
47315
54327
47650
53154
56207
21247
78273
35897
99947
56903
87168
35830
56128
18274
98202
96842
63099
75959
45429
78770
30053
55104
26419
12715
23304
47473
55056
99329
17309
67560
70297
16713
95897
21847
37889
88984
33382
28791
22988
36559
30686
29360
73530
26266
70547
54372
98475
19575
78263
82614
79247
39530
97823
81062
60841
93466
41255
82977
33473
80350
90566
45840
48019
38880
37159
50608
10409
30962
68651
58273
67708
31042
79429
95873
28416
85786
35406
87431
30380
54136
53999
30318
56862
65482
69248
91544
57498
37509
49842
24757
77632
89973
97803
43466
16952
22267
57708
11753
20247
32599
72554
17722
86536
54123
37183
26994
34865
14452
30729
82330
69091
69946
47378
93499
86032
53067
68494
41064
96679
85016
92003
91444
78740
55937
62597
44998
76325
44888
10812
20184
97127
34299
70667
34917
52006
30733
42038
26432
50764
10658
83138
11901
13216
32566
20135
36947
46741
43999
10821
31279
40190
59535
32996
35026
75623
65821
56069
91040
14347
82005
32593
38550
12712
21253
42134
74370
33893
86265
11535
82371
24041
78565
45348
53045
65794
11634
85008
65480
63698
78755
64766
69531
14513
66015
45545
20843
21601
29706
41511
16612
20519
43429
24136
87967
28764
14294
41882
48358
43827
56919
54564
50851
96447
54249
81478
50969
87504
22613
55879
34418
71456
98662
21814
42266
41634
50118
17148
98529
89649
81208
23136
64462
43992
96477
35924
43404
82447
22500
92275
50769
59806
50189
31232
30255
71169
86725
26661
38951
69774
95920
13382
62454
24226
83890
84970
86155
70580
18756
22709
58377
19016
23355
56929
28747
37295
21816
53296
83824
92918
52828
95366
30356
38271
70327
65262
17825
15088
42607
31077
54152
25168
41036
25615
10179
44489
26150
55892
38178
34470
96628
68258
45632
67643
89781
75513
26884
11724
60699
91237
47078
49718
25409
73057
90498
49957
50751
32417
72854
31440
20553
32501
26346
23400
89513
99929
60491
53404
86854
83555
81569
72413
38665
95633
50113
46090
35754
96722
95145
94434
48247
49882
72412
50466
61465
94384
85609
42473
54439
43867
14747
16706
99684
89593
98343
57549
86761
77783
75480
90200
93134
94881
17183
70053
29444
26671
18465
92066
78783
75009
94493
87041
52369
89441
54465
38388
30099
84575
57109
70328
82092
97021
66173
66513
92215
29000
37115
27580
97184
27459
64580
56113
82217
41497
56107
79396
72783
47570
66348
25668
63860
55995
28519
51418
36186
46855
68526
82270
67247
45787
48599
36179
33286
19587
68309
99481
63612
88881
93876
23549
33068
50179
66427
22684
53787
49778
61745
11654
32402
94074
47637
31408
52732
40121
31403
65462
81662
84647
60631
72609
64168
64236
22524
33512
17728
45823
26727
74758
35359
40027
46000
61377
91289
67983
78986
44670
47880
53127
36505
28649
30574
12058
38886
46653
44661
81527
96478
47645
25039
16199
14875
30929
93042
83683
56997
78195
76348
10471
11788
35033
80014
38534
86157
87576
69723
62734
68497
94380
13033
43746
50102
23455
35587
96159
76371
19266
18931
76958
16228
45172
96022
81387
88653
12126
85659
37613
29676
67239
46497
10834
94004
44579
20078
53374
95184
39854
33771
67136
15571
19849
84322
57244
31145
83597
72621
88576
71406
33698
44806
94072
70342
78450
64910
42944
29467
72038
47671
75346
77967
95332
27800
31532
38202
39537
49103
83110
50597
38225
11163
96448
76022
21835
90538
87668
46095
33479
44616
92943
29682
12150
59178
51208
36278
16822
19304
96986
53459
24410
49255
31790
27311
54445
34411
85736
63025
97185
71265
38891
54735
64893
45598
88809
86945
39082
14553
78936
78844
94914
45847
40781
65042
23173
30182
35128
36165
96475
80085
71622
89872
21503
16010
98201
63199
27448
69538
97597
35626
72220
33630
70715
66171
68112
42341
22084
26660
45211
19147
67078
35489
48868
69695
66561
87996
27943
97672
14804
86172
70017
57408
88314
25878
26479
14245
31950
50872
61330
64205
84012
35699
50618
60241
13793
43512
91286
11234
40657
51909
37939
11715
77869
14612
39611
36492
93018
13705
38068
22232
23842
43155
97523
34482
82604
14997
99333
17941
59933
31566
10156
67830
25554
74133
91101
98132
11342
13359
77057
92212
56406
33391
52498
74256
76924
73924
38607
98981
74017
84838
84628
52040
78102
19736
79690
53997
44656
13798
39895
19574
86304
83290
20227
19953
34365
85237
18831
27544
60180
74612
35899
71750
41506
39125
33897
14370
36907
49919
81530
46593
13972
47127
71255
87837
84085
23299
49119
30765
71230
17571
96782
10514
89366
72841
35595
12978
26199
21046
47212
68323
96473
93975
59073
84884
85452
27921
12633
56199
10503
26849
55142
26983
27104
86256
20000
35985
72465
40835
42212
76510
79305
35864
77867
85316
89084
39736
24935
51897
73053
40162
25577
28016
21101
58058
96831
92777
81949
33760
77042
81863
42619
60411
14587
20975
79994
11320
79682
33576
66185
42008
68585
55934
10765
95452
53908
30257
14474
43129
44049
15691
50759
35770
81146
60422
12919
39427
19036
26547
75966
94707
67088
21946
58685
10007
62885
61257
86030
98821
96916
32359
30606
59325
85062
51057
25660
72122
54617
61305
99028
28154
78485
90352
89995
93372
92111
51564
62312
71021
43396
34050
97022
66512
76766
62450
61555
89001
26443
79419
28832
75388
42725
87471
92177
41283
11059
65846
27329
16625
12048
26080
96834
43004
97526
48739
38545
58123
59129
41239
91217
76985
26129
28890
45221
62409
48204
63205
84323
93981
93326
58320
49580
51989
67614
58751
28852
22632
34527
33963
99619
79541
63570
35876
73415
83013
27374
15682
56431
24507
29173
24606
89530
14512
73099
44613
48377
61173
67511
24179
17086
79068
98011
29276
61864
78104
79773
21090
51261
61040
39675
43926
69811
80029
69100
36624
16236
50856
49385
29626
29212
86543
56098
39789
81444
83823
55160
81945
52559
69057
67886
57920
52022
90927
67806
95841
65988
67416
93155
80718
54300
95624
44580
34665
96465
46907
11838
49573
73642
77822
26456
69528
90920
14313
39551
56956
85336
62507
61452
42529
63281
63533
14849
92556
42760
52718
24893
62022
47140
73145
93892
97584
19811
37356
17816
55439
53351
24809
97304
80393
65404
92116
23159
31714
39434
61486
13291
87170
82189
89425
69030
70963
60559
16391
90089
96778
82761
46585
10781
81702
67443
19100
27658
11672
97080
90591
50450
96792
59588
96586
28393
29634
44362
47899
62633
21237
30744
54142
31211
15763
20456
48520
21200
49188
79488
78965
73726
82552
89601
63445
21437
16533
17843
99051
24259
80454
32552
66039
81182
70442
75794
93330
19316
28863
11310
45640
20274
90847
65431
74714
35207
78694
19098
26075
66362
30012
29663
97649
81394
22344
26400
12331
41972
84513
98711
41344
37274
96756
29542
58770
60167
52687
64942
90962
39310
70156
26213
79982
11997
60146
25837
82043
68811
67880
22720
63073
92093
29799
68628
57446
35344
95119
91712
28888
94438
70480
72687
20149
80947
41612
81150
27548
16118
18686
12635
42507
60589
42530
27604
80034
52068
57627
19264
55197
99200
17477
58117
13726
48592
87315
13482
86598
52400
30291
68735
59413
36342
37494
35844
26689
78013
50096
83051
33977
25935
25197
67100
98216
35854
64244
45129
47379
58889
72247
80696
70338
65972
88708
23495
73963
22405
22217
86388
42664
23292
72822
92372
73980
85973
66884
77466
74349
47346
38126
11862
47594
91317
44504
47945
74127
20679
36664
59753
84124
64869
75614
61075
19111
16933
68046
91591
36791
53898
95980
47494
69557
37377
39485
67208
15867
69508
64685
10899
65612
27656
16605
79476
55181
62571
71924
60666
50207
34369
38679
89740
89843
13124
42768
93878
96481
31656
77190
77957
74594
71584
12033
29214
10755
37266
86393
27407
96796
99039
76205
22105
12691
11766
94132
10470
17797
67959
72835
30766
34102
18642
96153
51474
24476
91918
96870
37905
29194
56814
75307
56776
18066
41164
47248
36789
67030
25406
91428
15489
50959
26632
46462
87819
54600
38251
62085
36280
52202
70187
41815
30272
16689
83604
16788
47529
39540
79586
99433
22972
37142
89495
53304
11965
55445
69866
68987
14954
67618
88187
90312
78789
74715
14704
92012
75383
58867
18624
99689
91974
65007
99570
10817
63002
81849
82348
58773
53970
74469
25611
48595
46937
89511
92721
58156
22412
11142
41400
26371
73207
82259
44780
99408
20777
63770
20208
83344
89990
55982
72562
11576
74505
49835
67461
86728
26040
77211
21700
39609
74690
98403
50852
39983
93503
21292
99109
84147
15394
86193
45616
63697
49614
55516
62720
55024
98954
93814
77539
15584
62113
67180
47806
79524
27895
78280
25906
44561
88802
40642
24681
90424
64717
45071
12870
44745
69550
63676
31201
59923
32430
91800
14106
66901
15588
79550
90877
11010
73001
77085
66609
95659
36800
47035
69793
23466
68785
33477
88604
11041
14184
94016
40853
89379
54669
81224
61410
52417
78463
54845
91315
28243
40824
23269
97489
97549
69044
61930
93452
87212
39563
53943
89352
74199
38753
30323
72302
40473
15582
29038
50502
64418
22039
55100
25033
70990
47543
56106
77303
17227
39226
18242
72430
84004
52401
97068
81209
96907
16968
35709
86634
56897
59984
43164
90812
13854
10181
51866
75683
42040
25604
82540
65147
76331
17440
70273
97362
79415
54421
60506
32062
65660
64471
68946
66068
15263
91763
93587
79111
67674
83028
24915
68350
92491
67046
19233
67140
59832
25772
80475
83465
30170
15397
96692
99859
37741
51275
12963
98213
20880
43098
77933
51744
91437
37078
79920
40558
47471
31130
21211
79732
72191
39182
79988
84962
22568
72938
16253
99239
85172
28014
64434
92362
62366
91531
53644
11966
12426
83157
56938
67126
10121
87633
49740
86086
23806
32839
33821
15090
63451
33973
18479
31844
82375
16487
59076
45736
33988
85386
75246
77525
53518
69236
87002
33715
61345
50785
35684
19355
69816
67523
43124
93176
43621
38186
17685
87940
73231
55754
76426
55030
53840
91730
68203
36305
79823
67411
24443
83309
58174
33927
49205
65667
16020
77165
18878
59119
73000
33494
58417
90123
89694
78391
69125
12911
32066
32682
53336
47495
85565
79212
49875
79054
12382
22121
49018
81857
72816
70473
43223
79104
37009
34070
55927
92581
76247
57645
48112
20476
85209
70446
13826
36486
13735
67663
88031
58836
55134
74096
55208
98659
59144
76494
11336
20356
57948
74711
18182
75677
30933
16348
41208
25189
68621
27553
55323
19789
54890
60227
40305
78941
64419
61734
57705
43762
66287
78165
46092
77003
11790
60645
66556
77532
53713
97679
56954
94972
78657
76423
58521
85748
50777
14422
87466
57760
44689
66467
22127
25887
17131
25148
45859
86017
92848
69451
88053
80263
47484
20450
95957
66087
57157
17313
84150
50202
58735
30879
14351
92781
80676
42118
13520
70188
95722
10040
21438
28858
91855
79328
72856
63915
39676
51702
23521
15618
64665
55146
11629
27344
90798
51107
85917
57759
25743
96582
85893
94273
62721
79927
39730
42519
12781
64724
84151
20072
64369
89188
38735
95111
33420
82358
83128
43303
53021
87027
94210
43966
67245
58971
77311
80800
89119
74643
71851
28781
81847
50529
92265
12251
31834
65659
40869
10197
59149
82245
99551
86832
17583
37740
24694
70403
45336
21080
62758
76121
21024
52444
31977
72267
64907
26558
97796
84994
40324
85485
12986
13025
64103
42398
26925
12940
35000
36007
38824
93402
42738
55604
69561
62190
37117
55326
74541
13039
87641
69166
38399
36732
84182
67677
96979
35641
75144
26265
30322
60522
54782
92712
86013
50518
76872
41124
19274
71786
76735
92483
51091
94348
98092
96178
32748
66130
26454
85289
65685
70016
12316
92933
35652
68547
54614
99878
86280
59475
57280
23485
71342
38305
88390
43077
24952
51595
80135
68780
13055
97085
12216
63309
33222
62673
68947
15790
44537
25859
30158
13884
82620
68254
70555
39600
89852
41745
30415
92999
35877
48894
99761
27220
85763
40903
36845
94073
43978
41715
11381
35472
31762
89300
34474
44753
94024
52542
76659
36100
63850
69932
22351
37937
68642
80560
54875
95670
24264
27826
38695
23760
99927
41004
89863
12847
61859
14781
11098
74653
25797
93217
12121
54654
24063
63093
35012
97982
95328
70954
69593
82448
96567
72143
70713
52505
29186
82966
75130
85319
53369
19444
62191
89296
64018
54195
33514
67941
45752
81023
12206
75323
97433
88411
27081
52891
31470
88501
32179
74733
37400
22300
18475
72753
57361
51967
73124
61708
37908
65159
84464
83536
16177
59952
18595
82989
46545
97576
87255
15493
69479
19240
87244
56188
25840
44763
88895
73780
13662
15451
35967
75973
18347
79412
63360
94176
78970
64667
83859
96195
89875
94272
63304
34918
70976
15464
36434
71378
71502
66134
21127
80742
38564
34793
64140
86727
95654
92311
45682
98563
33881
16620
41973
40794
31386
14036
91342
78750
19479
30208
35411
90712
17014
47445
48583
20018
20171
47545
47279
98035
67167
13632
44837
68904
18348
50628
86129
31767
44702
51423
90103
73862
58153
24441
91447
86195
77510
98296
23437
40389
40884
46079
34760
47601
21300
34651
26791
60846
29558
73705
92201
82543
75216
18854
45941
48242
90275
19202
20515
87146
52517
61102
42441
45949
92689
41997
16843
17896
56726
31793
87480
68116
22601
65231
53652
69005
15063
82047
60279
78505
97536
37935
72145
86452
67390
74605
94461
91707
52225
63781
36045
41741
27011
32103
36439
98236
83067
16648
29151
30630
98887
95910
66073
57838
19738
90029
57323
91205
78210
82181
95861
98155
33195
78430
18786
55841
65706
44231
57366
43811
56092
96799
82965
27830
39289
82365
81596
33155
56248
11969
36419
80091
93940
30546
74140
95166
33035
55409
73110
29187
90436
46659
62265
12412
76229
88349
62798
54905
22505
19462
95973
88524
11078
16837
76382
16479
74062
57359
23717
19879
31573
55832
63511
67685
68440
14580
93376
31434
79855
10691
10550
75456
80650
86505
32105
15821
27934
55611
21119
11635
93797
41119
19051
60582
47123
57296
62554
92453
70419
60318
64963
45567
58033
99315
77518
49389
36531
37981
75741
26515
75975
89767
93082
59128
60238
93303
72319
86141
51081
66256
36223
12673
36358
21447
18715
16539
87526
90289
17668
31501
56470
88369
55325
27950
25481
23817
12332
76750
59874
81319
20497
47002
28603
97260
81227
26117
56402
64895
27666
65614
85170
88422
20590
22279
77713
42042
40982
47137
41394
40230
52988
96304
87161
74552
26812
52679
33346
32042
60429
55906
91475
34107
51266
58766
54507
19595
11036
56008
95170
73909
73798
60027
16307
78630
33824
52792
12346
80529
86955
27832
77506
84284
37425
66264
36684
39493
26437
27419
79210
10936
36569
45738
20034
66328
74833
52747
82442
44764
42048
30286
97302
88243
23514
71714
56025
72594
53604
29440
59786
87726
15314
52837
69400
29658
62025
82114
20418
54803
60884
32440
50794
65675
69293
37217
44029
63780
35658
19716
20992
21957
15627
80995
85368
35137
42353
58715
45466
12905
85137
33876
44297
81496
98318
41135
38030
44482
42171
78692
35244
96600
29538
11194
16428
74912
43970
33157
78003
94383
51096
59919
16293
66669
97776
70261
13741
81764
55818
68485
64955
77989
90622
17560
31489
62690
91671
61677
46689
95907
23119
13040
73424
38484
42635
68960
28087
69182
11399
41502
14801
60829
35267
77750
75836
77664
62003
78053
96779
16617
88712
55619
31016
70532
16148
52334
76583
57117
42471
62999
43034
49116
23352
45046
10447
32943
32969
72177
71552
98963
12644
49358
73526
77107
39702
93365
50484
39528
81542
11497
51827
98819
21148
45424
55699
60283
43203
85256
22690
84195
36289
71826
75983
19131
15813
79345
87169
84360
86383
26910
20181
99259
85073
38956
77019
68175
71576
60928
44075
70323
82979
30923
73841
51541
72155
15650
91346
15702
83457
22527
54077
61825
25213
65709
75637
60736
21990
61275
97132
13249
34273
95781
23489
67641
37901
56741
46195
48218
58854
67284
96025
73498
67301
52044
76044
36283
95142
27522
32877
46085
20853
70500
34668
38687
79697
78756
45820
57000
96747
36573
79115
29506
94449
74738
76362
34952
57252
49526
31857
77468
23688
22842
97057
29814
93447
39441
99656
96561
48593
93350
26497
32922
73043
19680
26796
54650
39240
19311
33796
83526
89701
52130
24505
70228
23593
96738
39629
10444
53115
93492
80585
23668
19922
10343
57563
60994
64061
33700
64595
83345
34215
81438
14380
11703
35215
34494
28418
84424
17742
50174
80753
51169
57522
84968
50332
50826
75604
83002
70568
38680
54272
27801
72633
56319
10268
40625
39170
94268
84361
62574
82881
64029
64225
33425
55763
52730
43376
23744
45400
57824
48515
17185
20199
41191
59367
15741
83594
88766
78625
42249
17458
90515
56005
29321
72040
40962
83790
54796
57965
97458
53894
65628
24673
52445
50386
33748
42090
10639
44086
65073
59348
91907
12980
45324
24056
77383
30244
80097
67147
60282
50079
80165
56332
31776
23063
87489
57962
77813
57353
71177
67367
39208
62207
34815
14947
24220
34569
73401
64525
87402
38211
60320
54730
52440
35390
60435
39735
78531
94780
53086
41865
13232
40367
48074
90464
55660
43043
75532
62046
90278
62173
56028
21655
56802
88971
91018
28167
73384
99390
15335
10314
84401
98147
76317
74050
94690
68344
59761
30738
13034
69614
12321
28762
74845
18491
53710
60796
13222
90868
71693
94001
82949
75538
36206
88045
46760
59720
77268
18755
29491
90152
11531
96293
67312
67556
63057
99289
77342
48580
21656
54234
64052
63768
47399
59649
85220
63970
81989
45601
58557
13819
34971
25222
95785
85166
88007
33139
86189
70724
60339
33468
41378
78879
74342
81970
99997
74899
28161
44452
40191
24086
38763
75203
70884
64167
92075
42847
24493
99654
56817
14131
64014
78678
30889
20050
78877
44592
86400
44447
17246
77117
63031
50132
82516
36298
90482
98036
64209
79847
50767
73253
92069
28648
97559
69272
53789
53349
16068
82688
27442
81034
27640
87370
18662
77765
73682
89928
44100
79888
71333
19489
39754
53707
98962
23068
92134
19315
68982
77185
29537
42189
87913
57943
23756
43412
59508
43609
31882
83006
10913
91412
14763
72552
98055
32049
85357
71668
37384
10126
38059
13594
40800
49497
39986
62695
11699
26320
75068
25925
19627
21563
41833
89341
28063
36093
88188
56493
54795
35093
95428
89348
22476
94993
11102
21355
77756
76019
45355
84186
55386
28560
62279
79319
58816
43264
56226
83697
73881
45496
81139
26484
48866
91524
34510
33166
71211
60310
22434
64842
82080
52535
60534
95567
68232
30558
14552
60540
71780
29524
53734
70851
94411
82068
47931
85187
94309
75202
77577
66800
71479
92991
53774
39933
43160
66825
12504
49510
48723
15979
71507
43434
43435
90852
48502
12824
94484
17766
56150
73333
71515
99575
75168
36248
34262
99571
36107
89088
37289
93021
55178
72928
79256
28756
26701
85687
77526
14834
24615
65461
42393
48137
99620
41009
61169
11648
10879
51674
65596
38248
29901
83660
22594
20808
79312
35564
59678
19963
33004
29318
58241
56745
41713
34187
92403
21420
37915
71329
44045
69074
84707
77361
56451
96385
71579
98121
37866
42912
20807
25980
95161
88383
64313
27206
10260
86675
88625
51976
40350
51986
91022
18915
41757
14766
76497
10246
11905
48444
87573
21631
73605
23779
55735
70206
25955
97973
82970
80469
52035
70981
60727
16272
90858
83985
98932
66856
41406
15750
59911
93949
64114
15694
99435
15722
50357
87472
10642
73723
20084
76386
60548
82570
84784
16897
33720
35862
50781
55871
94366
73256
48454
48034
95934
15277
16360
50351
61292
26210
88153
37914
26458
14064
24625
20143
70283
26408
70472
94664
29092
64986
83724
67314
73014
74788
34694
24526
96271
57925
19054
50678
30256
36402
42217
35480
25047
20287
41335
26751
38571
81959
97582
76634
82485
60233
18570
96420
75353
32203
20326
52009
56121
45077
19734
70608
99985
42147
39256
55329
70170
66693
86626
33521
15341
59631
36239
55268
81335
36747
86118
86631
32808
48001
63838
79110
56076
27391
60533
35387
88362
83507
34803
62145
28572
28098
42923
68940
74482
29645
26100
31851
56082
18704
33956
56747
41805
15230
47533
31525
84145
46640
85059
30857
96662
99598
84342
99186
75358
88523
87448
42653
25676
42078
74481
97428
28391
48696
50000
34999
44130
21340
37719
78952
71420
16498
73876
47292
85284
54333
93988
80476
16373
48267
34876
49004
48124
97314
52209
60728
10046
40036
20062
62301
29862
21344
51673
50338
77655
46318
76079
62432
17605
84494
96215
33850
98355
42864
23631
13699
21159
26014
47561
27564
90948
72785
56133
86301
34941
98505
98151
33458
76183
85010
28880
15572
12119
85300
79811
27606
89182
14610
54573
65082
47921
51880
66198
25179
81330
62592
20407
15156
88787
71471
30618
44890
93435
39443
34902
92345
37693
46158
39312
21716
97661
37771
28079
76226
98733
30708
27521
26160
10761
11936
45089
28262
14786
68239
70701
87760
77723
59856
37256
39153
67921
40611
93208
29020
23652
79587
93147
35444
74393
24490
41390
17150
43256
70989
56012
11625
67345
56535
43132
96497
74069
53921
98817
28920
16235
43210
40527
95105
95868
86665
63151
74672
64442
13693
48950
35248
52254
44598
35065
42219
64711
88938
19107
55248
96287
80090
17637
93614
44065
93250
63586
77112
23461
34164
57188
62117
10544
22903
96705
63166
81901
98922
58007
60788
96971
75012
39515
82579
26841
16624
54892
47938
20058
86877
28348
11054
65030
84837
81043
99226
14488
81890
17029
23991
74334
48349
84589
19087
90705
38013
79163
64491
36581
93987
74210
58107
53206
65935
89571
88435
82642
62235
40875
10075
70092
73557
13172
81894
45506
49853
91618
12030
49988
93606
19270
97533
10974
53663
41947
54521
82817
84277
35219
75615
44515
25231
91600
40741
55789
25340
73616
41440
11560
96636
97426
21243
49698
96798
43460
81354
45584
17566
22872
99663
65631
63232
62197
73478
21651
87929
15632
15292
62997
45817
66296
49190
72588
11658
95224
63405
99410
70285
77605
41347
97871
67509
22688
16530
63650
95874
69969
82690
21998
46963
37811
24677
93906
14549
80946
51160
42839
21330
35353
73247
67777
55510
80153
38749
72508
20365
77247
79803
87722
44084
97494
56310
24760
77128
76199
19772
65470
26963
61243
80374
77129
63277
89406
90358
85351
12102
19231
15948
23440
80425
26473
27910
34911
64983
85391
95516
59161
33696
23313
48846
87029
14119
69065
90985
12059
77156
81223
80243
26185
73548
85636
99836
69342
38975
79026
80643
67669
68199
72614
69792
54410
75375
20824
95120
18692
84750
14167
13775
78045
87888
99669
49008
93095
85913
37840
55975
51649
56329
28896
76934
50425
51176
10991
85277
94969
61916
59845
16474
70087
49961
30581
61982
72432
16785
13087
17020
93292
43391
25410
50730
98383
97929
87613
81271
80235
84279
78908
24111
70239
28396
80891
88660
52785
86421
94863
81610
36250
27649
51236
45726
10633
16979
83297
78498
35578
56519
40963
30195
93944
46344
67828
25326
37075
77497
22180
13537
29356
44036
26995
72708
91062
41709
45175
84802
30235
96552
33381
12845
75646
18729
12113
62067
43522
10050
75150
25685
47072
56032
13610
82057
53476
25113
44576
88330
14268
41177
71512
95524
86587
48820
20134
44521
46024
69563
68867
37208
59961
63541
90558
99241
39856
63535
87171
58177
74514
76419
88747
88398
14798
11712
50153
13377
41775
68172
43846
33271
44782
34309
49582
11611
62316
54743
69777
72596
67351
96911
25901
98686
53844
24286
30153
41499
70830
32353
54581
85829
52613
88804
93375
87669
57096
17738
70278
44637
59825
43324
25869
44220
63009
19634
10358
81944
13550
92958
97130
16274
50417
84549
93293
92502
67023
23820
41629
85708
33212
83331
73808
20198
77712
71062
36579
58030
87140
19777
68905
90187
68533
22771
73371
86948
73287
96137
67595
90257
26418
32921
45852
52640
53514
17095
81587
24898
28631
18590
87155
66426
58199
68445
28235
19110
93808
27178
97040
71766
69515
41767
57345
85780
93020
80349
55517
46032
58231
56122
65903
49320
36094
67089
15962
60467
86059
70286
54885
56656
80970
79689
41856
91780
31883
96483
73331
75197
31162
19486
66874
75112
53836
81421
77314
51917
75801
11837
52233
97263
91658
41328
77617
30456
61610
67391
40760
92492
77437
13588
81792
66505
48234
48383
86056
44510
76256
93403
32096
98317
99744
96674
29721
72651
38752
84990
23447
88530
54344
86684
96334
90236
77214
89192
11068
31648
33250
31057
18877
80940
40054
21064
17926
36147
68472
18847
67397
17989
27499
85548
42512
41461
97354
42347
69409
86865
22911
27900
90215
33482
66734
41195
36890
71106
11948
82972
32847
99234
55640
